before cost function 1st timeans =

 Columns 1 through 34:

   1   1   1   1   1   1   1   1   1   1   1   1   1   1   1   1   1   1   1   1   1   1   1   1   1   1   1   1   1   1   1   1   1   1

 Columns 35 through 68:

   1   1   1   1   1   1   1   1   1   1   1   1   1   1   1   1   1   1   1   1   1   1   1   1   1   1   1   1   1   1   1   1   1   1

 Columns 69 through 100:

   1   1   1   1   1   1   1   1   1   1   1   1   1   1   1   1   1   1   1   1   1   1   1   1   1   1   1   1   1   1   1   1

h =

 Columns 1 through 13:

   0.50000   0.50000   0.50000   0.50000   0.50000   0.50000   0.50000   0.50000   0.50000   0.50000   0.50000   0.50000   0.50000

 Columns 14 through 26:

   0.50000   0.50000   0.50000   0.50000   0.50000   0.50000   0.50000   0.50000   0.50000   0.50000   0.50000   0.50000   0.50000

 Columns 27 through 39:

   0.50000   0.50000   0.50000   0.50000   0.50000   0.50000   0.50000   0.50000   0.50000   0.50000   0.50000   0.50000   0.50000

 Columns 40 through 52:

   0.50000   0.50000   0.50000   0.50000   0.50000   0.50000   0.50000   0.50000   0.50000   0.50000   0.50000   0.50000   0.50000

 Columns 53 through 65:

   0.50000   0.50000   0.50000   0.50000   0.50000   0.50000   0.50000   0.50000   0.50000   0.50000   0.50000   0.50000   0.50000

 Columns 66 through 78:

   0.50000   0.50000   0.50000   0.50000   0.50000   0.50000   0.50000   0.50000   0.50000   0.50000   0.50000   0.50000   0.50000

 Columns 79 through 91:

   0.50000   0.50000   0.50000   0.50000   0.50000   0.50000   0.50000   0.50000   0.50000   0.50000   0.50000   0.50000   0.50000

 Columns 92 through 100:

   0.50000   0.50000   0.50000   0.50000   0.50000   0.50000   0.50000   0.50000   0.50000

Cost at initial theta (zeros): 0.693147
Expected cost (approx): 0.693
Gradient at initial theta (zeros): 
 -0.100000 
 -12.009217 
 -11.262842 
Expected gradients (approx):
 -0.1000
 -12.0092
 -11.2628
ans =

 Columns 1 through 10:

   4.3507e+00   9.5439e+03   9.4885e+00   5.0004e-03   1.0329e-03   4.1267e+01   5.4017e-04   7.2924e-01   1.6594e-04   2.0327e-01

 Columns 11 through 20:

   5.9763e-02   1.7754e+01   4.2739e-04   8.1358e-05   2.4229e+00   9.6995e-03   6.9620e-01   2.9297e+00   1.6366e-04   4.0214e-01

 Columns 21 through 30:

   7.0845e+00   8.2905e-04   6.1675e+01   4.0875e+03   4.6111e-03   8.6718e-02   3.6701e-01   9.2272e-02   4.8683e+00   2.5628e+01

 Columns 31 through 40:

   5.8576e-02   1.1206e-02   2.5932e+00   7.4405e-01   5.5793e+00   1.3877e+01   7.7538e-02   6.6243e-03   2.0698e+00   8.2956e+00

 Columns 41 through 50:

   1.7561e-02   7.5128e+01   3.3464e-04   5.5024e-01   1.0210e+02   3.1370e+00   3.9650e-03   2.4983e-06   4.2290e-04   5.8314e-06

 Columns 51 through 60:

   1.0900e-03   3.1773e-04   6.1577e-02   1.5078e+02   5.3613e+01   8.3384e+00   9.1293e-05   1.9492e-01   8.1100e-03   2.3579e-03

 Columns 61 through 70:

   2.6624e-04   1.8793e+03   1.3388e+02   3.1960e+03   5.9081e+00   1.1815e+01   2.7363e-02   4.5098e+01   2.8117e-05   2.1275e-01

 Columns 71 through 80:

   6.5945e+03   1.2104e-02   6.0382e-05   6.6498e-02   5.2872e-02   2.9256e-05   4.2937e-02   2.8547e-01   3.0181e+01   3.7183e-01

 Columns 81 through 90:

   4.3354e-04   1.6477e-02   6.1932e-02   1.9144e+00   3.4818e-05   1.0999e-03   8.3190e-01   1.0303e-04   1.5783e-05   3.9610e+00

 Columns 91 through 100:

   3.5333e-05   9.2446e-06   3.2683e+02   3.8297e-04   4.7796e-02   9.3118e-02   1.5365e-01   6.6515e-05   9.4706e-01   1.4179e-04

h =

 Columns 1 through 10:

   1.8689e-01   1.0477e-04   9.5343e-02   9.9502e-01   9.9897e-01   2.3659e-02   9.9946e-01   5.7829e-01   9.9983e-01   8.3107e-01

 Columns 11 through 20:

   9.4361e-01   5.3322e-02   9.9957e-01   9.9992e-01   2.9215e-01   9.9039e-01   5.8955e-01   2.5447e-01   9.9984e-01   7.1319e-01

 Columns 21 through 30:

   1.2369e-01   9.9917e-01   1.5955e-02   2.4459e-04   9.9541e-01   9.2020e-01   7.3152e-01   9.1552e-01   1.7041e-01   3.7554e-02

 Columns 31 through 40:

   9.4467e-01   9.8892e-01   2.7831e-01   5.7338e-01   1.5199e-01   6.7220e-02   9.2804e-01   9.9342e-01   3.2575e-01   1.0758e-01

 Columns 41 through 50:

   9.8274e-01   1.3136e-02   9.9967e-01   6.4506e-01   9.6997e-03   2.4172e-01   9.9605e-01   1.0000e+00   9.9958e-01   9.9999e-01

 Columns 51 through 60:

   9.9891e-01   9.9968e-01   9.4199e-01   6.5884e-03   1.8311e-02   1.0708e-01   9.9991e-01   8.3687e-01   9.9196e-01   9.9765e-01

 Columns 61 through 70:

   9.9973e-01   5.3182e-04   7.4140e-03   3.1280e-04   1.4476e-01   7.8031e-02   9.7337e-01   2.1693e-02   9.9997e-01   8.2457e-01

 Columns 71 through 80:

   1.5162e-04   9.8804e-01   9.9994e-01   9.3765e-01   9.4978e-01   9.9997e-01   9.5883e-01   7.7792e-01   3.2071e-02   7.2895e-01

 Columns 81 through 90:

   9.9957e-01   9.8379e-01   9.4168e-01   3.4312e-01   9.9997e-01   9.9890e-01   5.4588e-01   9.9990e-01   9.9998e-01   2.0157e-01

 Columns 91 through 100:

   9.9996e-01   9.9999e-01   3.0504e-03   9.9962e-01   9.5438e-01   9.1481e-01   8.6682e-01   9.9993e-01   5.1359e-01   9.9986e-01


Cost at test theta: 1.089090
Expected cost (approx): 0.218
Gradient at test theta: 
 0.042903 
 2.566234 
 2.646797 
Expected gradients (approx):
 0.043
 2.566
 2.647

Program paused. Press enter to continue.
